xk =  3.74205273
xd = -0.752033961
yk =  3.77777463
yd = -7.566204361
Device = "Tobii"
